{
 "cells": [
  {
   "cell_type": "markdown",
   "id": "d49fb2ff",
   "metadata": {},
   "source": [
    "# Problem Statement:\n",
    "This dataset utilizes data from 2014 Major League Baseball seasons in order to develop an algorithm that predicts the number of wins for a given team in the 2015 season based on several different indicators of success. There are 16 different features that will be used as the inputs to the machine learning and the output will be a value that represents the number of wins. \n",
    "\n",
    "-- Input features: Runs, At Bats, Hits, Doubles, Triples, Homeruns, Walks, Strikeouts, Stolen Bases, Runs Allowed, Earned Runs, Earned Run Average (ERA), Shutouts, Saves, Complete Games and Errors\n",
    "\n",
    "-- Output: Number of predicted wins (W)"
   ]
  },
  {
   "cell_type": "code",
   "execution_count": 72,
   "id": "d8127101",
   "metadata": {},
   "outputs": [],
   "source": [
    "#Let's start with importing necessary libraries\n",
    "import pandas as pd\n",
    "import numpy as np\n",
    "from sklearn.preprocessing import StandardScaler\n",
    "from sklearn.linear_model import LinearRegression\n",
    "from sklearn.model_selection import train_test_split\n",
    "from sklearn.metrics import r2_score\n",
    "import matplotlib.pyplot as plt\n",
    "import seaborn as sns\n",
    "import pickle\n",
    "import warnings\n",
    "warnings.filterwarnings(\"ignore\")"
   ]
  },
  {
   "cell_type": "code",
   "execution_count": 46,
   "id": "220ec1b7",
   "metadata": {},
   "outputs": [
    {
     "data": {
      "text/html": [
       "<div>\n",
       "<style scoped>\n",
       "    .dataframe tbody tr th:only-of-type {\n",
       "        vertical-align: middle;\n",
       "    }\n",
       "\n",
       "    .dataframe tbody tr th {\n",
       "        vertical-align: top;\n",
       "    }\n",
       "\n",
       "    .dataframe thead th {\n",
       "        text-align: right;\n",
       "    }\n",
       "</style>\n",
       "<table border=\"1\" class=\"dataframe\">\n",
       "  <thead>\n",
       "    <tr style=\"text-align: right;\">\n",
       "      <th></th>\n",
       "      <th>W</th>\n",
       "      <th>R</th>\n",
       "      <th>AB</th>\n",
       "      <th>H</th>\n",
       "      <th>2B</th>\n",
       "      <th>3B</th>\n",
       "      <th>HR</th>\n",
       "      <th>BB</th>\n",
       "      <th>SO</th>\n",
       "      <th>SB</th>\n",
       "      <th>RA</th>\n",
       "      <th>ER</th>\n",
       "      <th>ERA</th>\n",
       "      <th>CG</th>\n",
       "      <th>SHO</th>\n",
       "      <th>SV</th>\n",
       "      <th>E</th>\n",
       "    </tr>\n",
       "  </thead>\n",
       "  <tbody>\n",
       "    <tr>\n",
       "      <th>0</th>\n",
       "      <td>95</td>\n",
       "      <td>724</td>\n",
       "      <td>5575</td>\n",
       "      <td>1497</td>\n",
       "      <td>300</td>\n",
       "      <td>42</td>\n",
       "      <td>139</td>\n",
       "      <td>383</td>\n",
       "      <td>973</td>\n",
       "      <td>104</td>\n",
       "      <td>641</td>\n",
       "      <td>601</td>\n",
       "      <td>3.73</td>\n",
       "      <td>2</td>\n",
       "      <td>8</td>\n",
       "      <td>56</td>\n",
       "      <td>88</td>\n",
       "    </tr>\n",
       "    <tr>\n",
       "      <th>1</th>\n",
       "      <td>83</td>\n",
       "      <td>696</td>\n",
       "      <td>5467</td>\n",
       "      <td>1349</td>\n",
       "      <td>277</td>\n",
       "      <td>44</td>\n",
       "      <td>156</td>\n",
       "      <td>439</td>\n",
       "      <td>1264</td>\n",
       "      <td>70</td>\n",
       "      <td>700</td>\n",
       "      <td>653</td>\n",
       "      <td>4.07</td>\n",
       "      <td>2</td>\n",
       "      <td>12</td>\n",
       "      <td>45</td>\n",
       "      <td>86</td>\n",
       "    </tr>\n",
       "    <tr>\n",
       "      <th>2</th>\n",
       "      <td>81</td>\n",
       "      <td>669</td>\n",
       "      <td>5439</td>\n",
       "      <td>1395</td>\n",
       "      <td>303</td>\n",
       "      <td>29</td>\n",
       "      <td>141</td>\n",
       "      <td>533</td>\n",
       "      <td>1157</td>\n",
       "      <td>86</td>\n",
       "      <td>640</td>\n",
       "      <td>584</td>\n",
       "      <td>3.67</td>\n",
       "      <td>11</td>\n",
       "      <td>10</td>\n",
       "      <td>38</td>\n",
       "      <td>79</td>\n",
       "    </tr>\n",
       "    <tr>\n",
       "      <th>3</th>\n",
       "      <td>76</td>\n",
       "      <td>622</td>\n",
       "      <td>5533</td>\n",
       "      <td>1381</td>\n",
       "      <td>260</td>\n",
       "      <td>27</td>\n",
       "      <td>136</td>\n",
       "      <td>404</td>\n",
       "      <td>1231</td>\n",
       "      <td>68</td>\n",
       "      <td>701</td>\n",
       "      <td>643</td>\n",
       "      <td>3.98</td>\n",
       "      <td>7</td>\n",
       "      <td>9</td>\n",
       "      <td>37</td>\n",
       "      <td>101</td>\n",
       "    </tr>\n",
       "    <tr>\n",
       "      <th>4</th>\n",
       "      <td>74</td>\n",
       "      <td>689</td>\n",
       "      <td>5605</td>\n",
       "      <td>1515</td>\n",
       "      <td>289</td>\n",
       "      <td>49</td>\n",
       "      <td>151</td>\n",
       "      <td>455</td>\n",
       "      <td>1259</td>\n",
       "      <td>83</td>\n",
       "      <td>803</td>\n",
       "      <td>746</td>\n",
       "      <td>4.64</td>\n",
       "      <td>7</td>\n",
       "      <td>12</td>\n",
       "      <td>35</td>\n",
       "      <td>86</td>\n",
       "    </tr>\n",
       "  </tbody>\n",
       "</table>\n",
       "</div>"
      ],
      "text/plain": [
       "    W    R    AB     H   2B  3B   HR   BB    SO   SB   RA   ER   ERA  CG  SHO  \\\n",
       "0  95  724  5575  1497  300  42  139  383   973  104  641  601  3.73   2    8   \n",
       "1  83  696  5467  1349  277  44  156  439  1264   70  700  653  4.07   2   12   \n",
       "2  81  669  5439  1395  303  29  141  533  1157   86  640  584  3.67  11   10   \n",
       "3  76  622  5533  1381  260  27  136  404  1231   68  701  643  3.98   7    9   \n",
       "4  74  689  5605  1515  289  49  151  455  1259   83  803  746  4.64   7   12   \n",
       "\n",
       "   SV    E  \n",
       "0  56   88  \n",
       "1  45   86  \n",
       "2  38   79  \n",
       "3  37  101  \n",
       "4  35   86  "
      ]
     },
     "execution_count": 46,
     "metadata": {},
     "output_type": "execute_result"
    }
   ],
   "source": [
    "#Read csv file and convert into Dataframe\n",
    "data=pd.read_csv(\"https://raw.githubusercontent.com/dsrscientist/Data-Science-ML-Capstone-Projects/master/baseball.csv\")\n",
    "data.head()"
   ]
  },
  {
   "cell_type": "markdown",
   "id": "92f501c1",
   "metadata": {},
   "source": [
    "The above columns signify-\n",
    "\n",
    "•\tW- Number of predicted wins\n",
    "\n",
    "•\tR – Runs scored: number of times a player crosses home plate\n",
    "\n",
    "•\tAB – At bat: plate appearances, not including bases on balls, being hit by pitch, sacrifices, interference, or obstruction\n",
    "\n",
    "•\tH – Hit: reaching base because of a batted, fair ball without error by the defense\n",
    "\n",
    "•\t2B – Double: hits on which the batter reaches second base safely without the contribution of a fielding error\n",
    "\n",
    "•\t3B – Triple: hits on which the batter reaches third base safely without the contribution of a fielding error\n",
    "\n",
    "•\tHR – Home runs: hits on which the batter successfully touched all four bases, without the contribution of a fielding error\n",
    "\n",
    "•\tBB– Walk-to-strikeout ratio: number of bases on balls divided by number of strikeouts\n",
    "\n",
    "•\tSO – Strikeout: number of batters who received strike three\n",
    "\n",
    "•\tSB – Stolen base: number of bases advanced by the runner while the ball is in the possession of the defense\n",
    "\n",
    "•\tRA – Run average: number of runs allowed times nine divided by innings pitched\n",
    "\n",
    "•\tER – Earned run: number of runs that did not occur as a result of errors or passed balls\n",
    "\n",
    "•\tERA – Earned run average: total number of earned runs (see \"ER\" above), multiplied by 9, divided by innings pitched\n",
    "\n",
    "•\tCG – Complete game: number of games where player was the only pitcher for their team\n",
    "\n",
    "•\tSHO – Shutout: number of complete games pitched with no runs allowed\n",
    "\n",
    "•\tSV – Save: number of games where the pitcher enters a game led by the pitcher's team, finishes the game without \n",
    "surrendering the lead, is not the winning pitcher, and either (a) the lead was three runs or fewer when the pitcher entered the game; (b) the potential tying run was on base, at bat, or on deck; or (c) the pitcher pitched three or more innings\n",
    "\n",
    "•\tE – Errors: number of times a fielder fails to make a play he should have made with common effort, and the offense benefits as a result"
   ]
  },
  {
   "cell_type": "code",
   "execution_count": 64,
   "id": "1f048d96",
   "metadata": {},
   "outputs": [
    {
     "data": {
      "text/plain": [
       "(30, 17)"
      ]
     },
     "execution_count": 64,
     "metadata": {},
     "output_type": "execute_result"
    }
   ],
   "source": [
    "#shape of file\n",
    "data.shape"
   ]
  },
  {
   "cell_type": "code",
   "execution_count": 47,
   "id": "5a3cd54b",
   "metadata": {},
   "outputs": [
    {
     "data": {
      "text/html": [
       "<div>\n",
       "<style scoped>\n",
       "    .dataframe tbody tr th:only-of-type {\n",
       "        vertical-align: middle;\n",
       "    }\n",
       "\n",
       "    .dataframe tbody tr th {\n",
       "        vertical-align: top;\n",
       "    }\n",
       "\n",
       "    .dataframe thead th {\n",
       "        text-align: right;\n",
       "    }\n",
       "</style>\n",
       "<table border=\"1\" class=\"dataframe\">\n",
       "  <thead>\n",
       "    <tr style=\"text-align: right;\">\n",
       "      <th></th>\n",
       "      <th>W</th>\n",
       "      <th>R</th>\n",
       "      <th>AB</th>\n",
       "      <th>H</th>\n",
       "      <th>2B</th>\n",
       "      <th>3B</th>\n",
       "      <th>HR</th>\n",
       "      <th>BB</th>\n",
       "      <th>SO</th>\n",
       "      <th>SB</th>\n",
       "      <th>RA</th>\n",
       "      <th>ER</th>\n",
       "      <th>ERA</th>\n",
       "      <th>CG</th>\n",
       "      <th>SHO</th>\n",
       "      <th>SV</th>\n",
       "      <th>E</th>\n",
       "    </tr>\n",
       "  </thead>\n",
       "  <tbody>\n",
       "    <tr>\n",
       "      <th>count</th>\n",
       "      <td>30.000000</td>\n",
       "      <td>30.000000</td>\n",
       "      <td>30.000000</td>\n",
       "      <td>30.000000</td>\n",
       "      <td>30.000000</td>\n",
       "      <td>30.000000</td>\n",
       "      <td>30.000000</td>\n",
       "      <td>30.000000</td>\n",
       "      <td>30.00000</td>\n",
       "      <td>30.000000</td>\n",
       "      <td>30.000000</td>\n",
       "      <td>30.000000</td>\n",
       "      <td>30.000000</td>\n",
       "      <td>30.000000</td>\n",
       "      <td>30.000000</td>\n",
       "      <td>30.000000</td>\n",
       "      <td>30.000000</td>\n",
       "    </tr>\n",
       "    <tr>\n",
       "      <th>mean</th>\n",
       "      <td>80.966667</td>\n",
       "      <td>688.233333</td>\n",
       "      <td>5516.266667</td>\n",
       "      <td>1403.533333</td>\n",
       "      <td>274.733333</td>\n",
       "      <td>31.300000</td>\n",
       "      <td>163.633333</td>\n",
       "      <td>469.100000</td>\n",
       "      <td>1248.20000</td>\n",
       "      <td>83.500000</td>\n",
       "      <td>688.233333</td>\n",
       "      <td>635.833333</td>\n",
       "      <td>3.956333</td>\n",
       "      <td>3.466667</td>\n",
       "      <td>11.300000</td>\n",
       "      <td>43.066667</td>\n",
       "      <td>94.333333</td>\n",
       "    </tr>\n",
       "    <tr>\n",
       "      <th>std</th>\n",
       "      <td>10.453455</td>\n",
       "      <td>58.761754</td>\n",
       "      <td>70.467372</td>\n",
       "      <td>57.140923</td>\n",
       "      <td>18.095405</td>\n",
       "      <td>10.452355</td>\n",
       "      <td>31.823309</td>\n",
       "      <td>57.053725</td>\n",
       "      <td>103.75947</td>\n",
       "      <td>22.815225</td>\n",
       "      <td>72.108005</td>\n",
       "      <td>70.140786</td>\n",
       "      <td>0.454089</td>\n",
       "      <td>2.763473</td>\n",
       "      <td>4.120177</td>\n",
       "      <td>7.869335</td>\n",
       "      <td>13.958889</td>\n",
       "    </tr>\n",
       "    <tr>\n",
       "      <th>min</th>\n",
       "      <td>63.000000</td>\n",
       "      <td>573.000000</td>\n",
       "      <td>5385.000000</td>\n",
       "      <td>1324.000000</td>\n",
       "      <td>236.000000</td>\n",
       "      <td>13.000000</td>\n",
       "      <td>100.000000</td>\n",
       "      <td>375.000000</td>\n",
       "      <td>973.00000</td>\n",
       "      <td>44.000000</td>\n",
       "      <td>525.000000</td>\n",
       "      <td>478.000000</td>\n",
       "      <td>2.940000</td>\n",
       "      <td>0.000000</td>\n",
       "      <td>4.000000</td>\n",
       "      <td>28.000000</td>\n",
       "      <td>75.000000</td>\n",
       "    </tr>\n",
       "    <tr>\n",
       "      <th>25%</th>\n",
       "      <td>74.000000</td>\n",
       "      <td>651.250000</td>\n",
       "      <td>5464.000000</td>\n",
       "      <td>1363.000000</td>\n",
       "      <td>262.250000</td>\n",
       "      <td>23.000000</td>\n",
       "      <td>140.250000</td>\n",
       "      <td>428.250000</td>\n",
       "      <td>1157.50000</td>\n",
       "      <td>69.000000</td>\n",
       "      <td>636.250000</td>\n",
       "      <td>587.250000</td>\n",
       "      <td>3.682500</td>\n",
       "      <td>1.000000</td>\n",
       "      <td>9.000000</td>\n",
       "      <td>37.250000</td>\n",
       "      <td>86.000000</td>\n",
       "    </tr>\n",
       "    <tr>\n",
       "      <th>50%</th>\n",
       "      <td>81.000000</td>\n",
       "      <td>689.000000</td>\n",
       "      <td>5510.000000</td>\n",
       "      <td>1382.500000</td>\n",
       "      <td>275.500000</td>\n",
       "      <td>31.000000</td>\n",
       "      <td>158.500000</td>\n",
       "      <td>473.000000</td>\n",
       "      <td>1261.50000</td>\n",
       "      <td>83.500000</td>\n",
       "      <td>695.500000</td>\n",
       "      <td>644.500000</td>\n",
       "      <td>4.025000</td>\n",
       "      <td>3.000000</td>\n",
       "      <td>12.000000</td>\n",
       "      <td>42.000000</td>\n",
       "      <td>91.000000</td>\n",
       "    </tr>\n",
       "    <tr>\n",
       "      <th>75%</th>\n",
       "      <td>87.750000</td>\n",
       "      <td>718.250000</td>\n",
       "      <td>5570.000000</td>\n",
       "      <td>1451.500000</td>\n",
       "      <td>288.750000</td>\n",
       "      <td>39.000000</td>\n",
       "      <td>177.000000</td>\n",
       "      <td>501.250000</td>\n",
       "      <td>1311.50000</td>\n",
       "      <td>96.500000</td>\n",
       "      <td>732.500000</td>\n",
       "      <td>679.250000</td>\n",
       "      <td>4.220000</td>\n",
       "      <td>5.750000</td>\n",
       "      <td>13.000000</td>\n",
       "      <td>46.750000</td>\n",
       "      <td>96.750000</td>\n",
       "    </tr>\n",
       "    <tr>\n",
       "      <th>max</th>\n",
       "      <td>100.000000</td>\n",
       "      <td>891.000000</td>\n",
       "      <td>5649.000000</td>\n",
       "      <td>1515.000000</td>\n",
       "      <td>308.000000</td>\n",
       "      <td>49.000000</td>\n",
       "      <td>232.000000</td>\n",
       "      <td>570.000000</td>\n",
       "      <td>1518.00000</td>\n",
       "      <td>134.000000</td>\n",
       "      <td>844.000000</td>\n",
       "      <td>799.000000</td>\n",
       "      <td>5.040000</td>\n",
       "      <td>11.000000</td>\n",
       "      <td>21.000000</td>\n",
       "      <td>62.000000</td>\n",
       "      <td>126.000000</td>\n",
       "    </tr>\n",
       "  </tbody>\n",
       "</table>\n",
       "</div>"
      ],
      "text/plain": [
       "                W           R           AB            H          2B  \\\n",
       "count   30.000000   30.000000    30.000000    30.000000   30.000000   \n",
       "mean    80.966667  688.233333  5516.266667  1403.533333  274.733333   \n",
       "std     10.453455   58.761754    70.467372    57.140923   18.095405   \n",
       "min     63.000000  573.000000  5385.000000  1324.000000  236.000000   \n",
       "25%     74.000000  651.250000  5464.000000  1363.000000  262.250000   \n",
       "50%     81.000000  689.000000  5510.000000  1382.500000  275.500000   \n",
       "75%     87.750000  718.250000  5570.000000  1451.500000  288.750000   \n",
       "max    100.000000  891.000000  5649.000000  1515.000000  308.000000   \n",
       "\n",
       "              3B          HR          BB          SO          SB          RA  \\\n",
       "count  30.000000   30.000000   30.000000    30.00000   30.000000   30.000000   \n",
       "mean   31.300000  163.633333  469.100000  1248.20000   83.500000  688.233333   \n",
       "std    10.452355   31.823309   57.053725   103.75947   22.815225   72.108005   \n",
       "min    13.000000  100.000000  375.000000   973.00000   44.000000  525.000000   \n",
       "25%    23.000000  140.250000  428.250000  1157.50000   69.000000  636.250000   \n",
       "50%    31.000000  158.500000  473.000000  1261.50000   83.500000  695.500000   \n",
       "75%    39.000000  177.000000  501.250000  1311.50000   96.500000  732.500000   \n",
       "max    49.000000  232.000000  570.000000  1518.00000  134.000000  844.000000   \n",
       "\n",
       "               ER        ERA         CG        SHO         SV           E  \n",
       "count   30.000000  30.000000  30.000000  30.000000  30.000000   30.000000  \n",
       "mean   635.833333   3.956333   3.466667  11.300000  43.066667   94.333333  \n",
       "std     70.140786   0.454089   2.763473   4.120177   7.869335   13.958889  \n",
       "min    478.000000   2.940000   0.000000   4.000000  28.000000   75.000000  \n",
       "25%    587.250000   3.682500   1.000000   9.000000  37.250000   86.000000  \n",
       "50%    644.500000   4.025000   3.000000  12.000000  42.000000   91.000000  \n",
       "75%    679.250000   4.220000   5.750000  13.000000  46.750000   96.750000  \n",
       "max    799.000000   5.040000  11.000000  21.000000  62.000000  126.000000  "
      ]
     },
     "execution_count": 47,
     "metadata": {},
     "output_type": "execute_result"
    }
   ],
   "source": [
    "#Describe the data\n",
    "data.describe()"
   ]
  },
  {
   "cell_type": "code",
   "execution_count": 48,
   "id": "0bc5c44a",
   "metadata": {},
   "outputs": [
    {
     "data": {
      "text/plain": [
       "W      0\n",
       "R      0\n",
       "AB     0\n",
       "H      0\n",
       "2B     0\n",
       "3B     0\n",
       "HR     0\n",
       "BB     0\n",
       "SO     0\n",
       "SB     0\n",
       "RA     0\n",
       "ER     0\n",
       "ERA    0\n",
       "CG     0\n",
       "SHO    0\n",
       "SV     0\n",
       "E      0\n",
       "dtype: int64"
      ]
     },
     "execution_count": 48,
     "metadata": {},
     "output_type": "execute_result"
    }
   ],
   "source": [
    "#Check for null values\n",
    "data.isnull().sum()"
   ]
  },
  {
   "cell_type": "markdown",
   "id": "a3b69160",
   "metadata": {},
   "source": [
    "# \n",
    "There are no null values"
   ]
  },
  {
   "cell_type": "code",
   "execution_count": 49,
   "id": "d1eacc69",
   "metadata": {},
   "outputs": [
    {
     "data": {
      "text/plain": [
       "W        int64\n",
       "R        int64\n",
       "AB       int64\n",
       "H        int64\n",
       "2B       int64\n",
       "3B       int64\n",
       "HR       int64\n",
       "BB       int64\n",
       "SO       int64\n",
       "SB       int64\n",
       "RA       int64\n",
       "ER       int64\n",
       "ERA    float64\n",
       "CG       int64\n",
       "SHO      int64\n",
       "SV       int64\n",
       "E        int64\n",
       "dtype: object"
      ]
     },
     "execution_count": 49,
     "metadata": {},
     "output_type": "execute_result"
    }
   ],
   "source": [
    "# Checking for data types of the columns\n",
    "data.dtypes"
   ]
  },
  {
   "cell_type": "markdown",
   "id": "8d70ffb1",
   "metadata": {},
   "source": [
    "# \n",
    "As all the data fall under the numeric category, we do not need to apply any encoding technique"
   ]
  },
  {
   "cell_type": "markdown",
   "id": "4db25012",
   "metadata": {},
   "source": [
    "# Checking Correlation"
   ]
  },
  {
   "cell_type": "code",
   "execution_count": 50,
   "id": "2edb7468",
   "metadata": {},
   "outputs": [
    {
     "data": {
      "text/html": [
       "<div>\n",
       "<style scoped>\n",
       "    .dataframe tbody tr th:only-of-type {\n",
       "        vertical-align: middle;\n",
       "    }\n",
       "\n",
       "    .dataframe tbody tr th {\n",
       "        vertical-align: top;\n",
       "    }\n",
       "\n",
       "    .dataframe thead th {\n",
       "        text-align: right;\n",
       "    }\n",
       "</style>\n",
       "<table border=\"1\" class=\"dataframe\">\n",
       "  <thead>\n",
       "    <tr style=\"text-align: right;\">\n",
       "      <th></th>\n",
       "      <th>W</th>\n",
       "      <th>R</th>\n",
       "      <th>AB</th>\n",
       "      <th>H</th>\n",
       "      <th>2B</th>\n",
       "      <th>3B</th>\n",
       "      <th>HR</th>\n",
       "      <th>BB</th>\n",
       "      <th>SO</th>\n",
       "      <th>SB</th>\n",
       "      <th>RA</th>\n",
       "      <th>ER</th>\n",
       "      <th>ERA</th>\n",
       "      <th>CG</th>\n",
       "      <th>SHO</th>\n",
       "      <th>SV</th>\n",
       "      <th>E</th>\n",
       "    </tr>\n",
       "  </thead>\n",
       "  <tbody>\n",
       "    <tr>\n",
       "      <th>W</th>\n",
       "      <td>1.000000</td>\n",
       "      <td>0.430751</td>\n",
       "      <td>-0.087947</td>\n",
       "      <td>0.037612</td>\n",
       "      <td>0.427797</td>\n",
       "      <td>-0.251118</td>\n",
       "      <td>0.307407</td>\n",
       "      <td>0.484342</td>\n",
       "      <td>0.111850</td>\n",
       "      <td>-0.157234</td>\n",
       "      <td>-0.812952</td>\n",
       "      <td>-0.809435</td>\n",
       "      <td>-0.819600</td>\n",
       "      <td>0.080533</td>\n",
       "      <td>0.471805</td>\n",
       "      <td>0.666530</td>\n",
       "      <td>-0.089485</td>\n",
       "    </tr>\n",
       "    <tr>\n",
       "      <th>R</th>\n",
       "      <td>0.430751</td>\n",
       "      <td>1.000000</td>\n",
       "      <td>0.319464</td>\n",
       "      <td>0.482856</td>\n",
       "      <td>0.560084</td>\n",
       "      <td>-0.070072</td>\n",
       "      <td>0.671283</td>\n",
       "      <td>0.402452</td>\n",
       "      <td>-0.054726</td>\n",
       "      <td>0.081367</td>\n",
       "      <td>-0.041623</td>\n",
       "      <td>-0.041245</td>\n",
       "      <td>-0.049281</td>\n",
       "      <td>0.232042</td>\n",
       "      <td>-0.103274</td>\n",
       "      <td>-0.096380</td>\n",
       "      <td>-0.023262</td>\n",
       "    </tr>\n",
       "    <tr>\n",
       "      <th>AB</th>\n",
       "      <td>-0.087947</td>\n",
       "      <td>0.319464</td>\n",
       "      <td>1.000000</td>\n",
       "      <td>0.739122</td>\n",
       "      <td>0.453370</td>\n",
       "      <td>0.435422</td>\n",
       "      <td>-0.066983</td>\n",
       "      <td>-0.136414</td>\n",
       "      <td>-0.106022</td>\n",
       "      <td>0.372618</td>\n",
       "      <td>0.316010</td>\n",
       "      <td>0.309686</td>\n",
       "      <td>0.255551</td>\n",
       "      <td>-0.080876</td>\n",
       "      <td>-0.197321</td>\n",
       "      <td>-0.106367</td>\n",
       "      <td>0.316743</td>\n",
       "    </tr>\n",
       "    <tr>\n",
       "      <th>H</th>\n",
       "      <td>0.037612</td>\n",
       "      <td>0.482856</td>\n",
       "      <td>0.739122</td>\n",
       "      <td>1.000000</td>\n",
       "      <td>0.566847</td>\n",
       "      <td>0.478694</td>\n",
       "      <td>-0.090855</td>\n",
       "      <td>-0.118281</td>\n",
       "      <td>-0.398830</td>\n",
       "      <td>0.413444</td>\n",
       "      <td>0.224324</td>\n",
       "      <td>0.252489</td>\n",
       "      <td>0.231172</td>\n",
       "      <td>0.147955</td>\n",
       "      <td>-0.145559</td>\n",
       "      <td>-0.130371</td>\n",
       "      <td>-0.033173</td>\n",
       "    </tr>\n",
       "    <tr>\n",
       "      <th>2B</th>\n",
       "      <td>0.427797</td>\n",
       "      <td>0.560084</td>\n",
       "      <td>0.453370</td>\n",
       "      <td>0.566847</td>\n",
       "      <td>1.000000</td>\n",
       "      <td>0.220490</td>\n",
       "      <td>0.056292</td>\n",
       "      <td>0.302700</td>\n",
       "      <td>-0.150752</td>\n",
       "      <td>0.195027</td>\n",
       "      <td>-0.218160</td>\n",
       "      <td>-0.235531</td>\n",
       "      <td>-0.254854</td>\n",
       "      <td>0.306675</td>\n",
       "      <td>0.057998</td>\n",
       "      <td>0.171576</td>\n",
       "      <td>0.105754</td>\n",
       "    </tr>\n",
       "    <tr>\n",
       "      <th>3B</th>\n",
       "      <td>-0.251118</td>\n",
       "      <td>-0.070072</td>\n",
       "      <td>0.435422</td>\n",
       "      <td>0.478694</td>\n",
       "      <td>0.220490</td>\n",
       "      <td>1.000000</td>\n",
       "      <td>-0.430915</td>\n",
       "      <td>-0.454949</td>\n",
       "      <td>-0.141196</td>\n",
       "      <td>0.457437</td>\n",
       "      <td>0.314125</td>\n",
       "      <td>0.340225</td>\n",
       "      <td>0.330951</td>\n",
       "      <td>-0.065898</td>\n",
       "      <td>-0.041396</td>\n",
       "      <td>-0.142370</td>\n",
       "      <td>0.126678</td>\n",
       "    </tr>\n",
       "    <tr>\n",
       "      <th>HR</th>\n",
       "      <td>0.307407</td>\n",
       "      <td>0.671283</td>\n",
       "      <td>-0.066983</td>\n",
       "      <td>-0.090855</td>\n",
       "      <td>0.056292</td>\n",
       "      <td>-0.430915</td>\n",
       "      <td>1.000000</td>\n",
       "      <td>0.425691</td>\n",
       "      <td>0.359923</td>\n",
       "      <td>-0.136567</td>\n",
       "      <td>-0.103903</td>\n",
       "      <td>-0.085922</td>\n",
       "      <td>-0.090917</td>\n",
       "      <td>0.156502</td>\n",
       "      <td>-0.019119</td>\n",
       "      <td>-0.028540</td>\n",
       "      <td>-0.207597</td>\n",
       "    </tr>\n",
       "    <tr>\n",
       "      <th>BB</th>\n",
       "      <td>0.484342</td>\n",
       "      <td>0.402452</td>\n",
       "      <td>-0.136414</td>\n",
       "      <td>-0.118281</td>\n",
       "      <td>0.302700</td>\n",
       "      <td>-0.454949</td>\n",
       "      <td>0.425691</td>\n",
       "      <td>1.000000</td>\n",
       "      <td>0.233652</td>\n",
       "      <td>-0.098347</td>\n",
       "      <td>-0.416445</td>\n",
       "      <td>-0.452663</td>\n",
       "      <td>-0.459832</td>\n",
       "      <td>0.462478</td>\n",
       "      <td>0.426004</td>\n",
       "      <td>0.099445</td>\n",
       "      <td>-0.075685</td>\n",
       "    </tr>\n",
       "    <tr>\n",
       "      <th>SO</th>\n",
       "      <td>0.111850</td>\n",
       "      <td>-0.054726</td>\n",
       "      <td>-0.106022</td>\n",
       "      <td>-0.398830</td>\n",
       "      <td>-0.150752</td>\n",
       "      <td>-0.141196</td>\n",
       "      <td>0.359923</td>\n",
       "      <td>0.233652</td>\n",
       "      <td>1.000000</td>\n",
       "      <td>0.030968</td>\n",
       "      <td>-0.129745</td>\n",
       "      <td>-0.161612</td>\n",
       "      <td>-0.180368</td>\n",
       "      <td>-0.093418</td>\n",
       "      <td>0.237721</td>\n",
       "      <td>0.126297</td>\n",
       "      <td>0.155133</td>\n",
       "    </tr>\n",
       "    <tr>\n",
       "      <th>SB</th>\n",
       "      <td>-0.157234</td>\n",
       "      <td>0.081367</td>\n",
       "      <td>0.372618</td>\n",
       "      <td>0.413444</td>\n",
       "      <td>0.195027</td>\n",
       "      <td>0.457437</td>\n",
       "      <td>-0.136567</td>\n",
       "      <td>-0.098347</td>\n",
       "      <td>0.030968</td>\n",
       "      <td>1.000000</td>\n",
       "      <td>0.132290</td>\n",
       "      <td>0.143068</td>\n",
       "      <td>0.126063</td>\n",
       "      <td>-0.020783</td>\n",
       "      <td>-0.106563</td>\n",
       "      <td>-0.183418</td>\n",
       "      <td>0.079149</td>\n",
       "    </tr>\n",
       "    <tr>\n",
       "      <th>RA</th>\n",
       "      <td>-0.812952</td>\n",
       "      <td>-0.041623</td>\n",
       "      <td>0.316010</td>\n",
       "      <td>0.224324</td>\n",
       "      <td>-0.218160</td>\n",
       "      <td>0.314125</td>\n",
       "      <td>-0.103903</td>\n",
       "      <td>-0.416445</td>\n",
       "      <td>-0.129745</td>\n",
       "      <td>0.132290</td>\n",
       "      <td>1.000000</td>\n",
       "      <td>0.991018</td>\n",
       "      <td>0.986674</td>\n",
       "      <td>-0.016659</td>\n",
       "      <td>-0.636862</td>\n",
       "      <td>-0.616224</td>\n",
       "      <td>0.198996</td>\n",
       "    </tr>\n",
       "    <tr>\n",
       "      <th>ER</th>\n",
       "      <td>-0.809435</td>\n",
       "      <td>-0.041245</td>\n",
       "      <td>0.309686</td>\n",
       "      <td>0.252489</td>\n",
       "      <td>-0.235531</td>\n",
       "      <td>0.340225</td>\n",
       "      <td>-0.085922</td>\n",
       "      <td>-0.452663</td>\n",
       "      <td>-0.161612</td>\n",
       "      <td>0.143068</td>\n",
       "      <td>0.991018</td>\n",
       "      <td>1.000000</td>\n",
       "      <td>0.997248</td>\n",
       "      <td>-0.020221</td>\n",
       "      <td>-0.630192</td>\n",
       "      <td>-0.589663</td>\n",
       "      <td>0.136921</td>\n",
       "    </tr>\n",
       "    <tr>\n",
       "      <th>ERA</th>\n",
       "      <td>-0.819600</td>\n",
       "      <td>-0.049281</td>\n",
       "      <td>0.255551</td>\n",
       "      <td>0.231172</td>\n",
       "      <td>-0.254854</td>\n",
       "      <td>0.330951</td>\n",
       "      <td>-0.090917</td>\n",
       "      <td>-0.459832</td>\n",
       "      <td>-0.180368</td>\n",
       "      <td>0.126063</td>\n",
       "      <td>0.986674</td>\n",
       "      <td>0.997248</td>\n",
       "      <td>1.000000</td>\n",
       "      <td>-0.009856</td>\n",
       "      <td>-0.630833</td>\n",
       "      <td>-0.607005</td>\n",
       "      <td>0.113137</td>\n",
       "    </tr>\n",
       "    <tr>\n",
       "      <th>CG</th>\n",
       "      <td>0.080533</td>\n",
       "      <td>0.232042</td>\n",
       "      <td>-0.080876</td>\n",
       "      <td>0.147955</td>\n",
       "      <td>0.306675</td>\n",
       "      <td>-0.065898</td>\n",
       "      <td>0.156502</td>\n",
       "      <td>0.462478</td>\n",
       "      <td>-0.093418</td>\n",
       "      <td>-0.020783</td>\n",
       "      <td>-0.016659</td>\n",
       "      <td>-0.020221</td>\n",
       "      <td>-0.009856</td>\n",
       "      <td>1.000000</td>\n",
       "      <td>0.241676</td>\n",
       "      <td>-0.367766</td>\n",
       "      <td>-0.140047</td>\n",
       "    </tr>\n",
       "    <tr>\n",
       "      <th>SHO</th>\n",
       "      <td>0.471805</td>\n",
       "      <td>-0.103274</td>\n",
       "      <td>-0.197321</td>\n",
       "      <td>-0.145559</td>\n",
       "      <td>0.057998</td>\n",
       "      <td>-0.041396</td>\n",
       "      <td>-0.019119</td>\n",
       "      <td>0.426004</td>\n",
       "      <td>0.237721</td>\n",
       "      <td>-0.106563</td>\n",
       "      <td>-0.636862</td>\n",
       "      <td>-0.630192</td>\n",
       "      <td>-0.630833</td>\n",
       "      <td>0.241676</td>\n",
       "      <td>1.000000</td>\n",
       "      <td>0.221639</td>\n",
       "      <td>-0.115716</td>\n",
       "    </tr>\n",
       "    <tr>\n",
       "      <th>SV</th>\n",
       "      <td>0.666530</td>\n",
       "      <td>-0.096380</td>\n",
       "      <td>-0.106367</td>\n",
       "      <td>-0.130371</td>\n",
       "      <td>0.171576</td>\n",
       "      <td>-0.142370</td>\n",
       "      <td>-0.028540</td>\n",
       "      <td>0.099445</td>\n",
       "      <td>0.126297</td>\n",
       "      <td>-0.183418</td>\n",
       "      <td>-0.616224</td>\n",
       "      <td>-0.589663</td>\n",
       "      <td>-0.607005</td>\n",
       "      <td>-0.367766</td>\n",
       "      <td>0.221639</td>\n",
       "      <td>1.000000</td>\n",
       "      <td>-0.025636</td>\n",
       "    </tr>\n",
       "    <tr>\n",
       "      <th>E</th>\n",
       "      <td>-0.089485</td>\n",
       "      <td>-0.023262</td>\n",
       "      <td>0.316743</td>\n",
       "      <td>-0.033173</td>\n",
       "      <td>0.105754</td>\n",
       "      <td>0.126678</td>\n",
       "      <td>-0.207597</td>\n",
       "      <td>-0.075685</td>\n",
       "      <td>0.155133</td>\n",
       "      <td>0.079149</td>\n",
       "      <td>0.198996</td>\n",
       "      <td>0.136921</td>\n",
       "      <td>0.113137</td>\n",
       "      <td>-0.140047</td>\n",
       "      <td>-0.115716</td>\n",
       "      <td>-0.025636</td>\n",
       "      <td>1.000000</td>\n",
       "    </tr>\n",
       "  </tbody>\n",
       "</table>\n",
       "</div>"
      ],
      "text/plain": [
       "            W         R        AB         H        2B        3B        HR  \\\n",
       "W    1.000000  0.430751 -0.087947  0.037612  0.427797 -0.251118  0.307407   \n",
       "R    0.430751  1.000000  0.319464  0.482856  0.560084 -0.070072  0.671283   \n",
       "AB  -0.087947  0.319464  1.000000  0.739122  0.453370  0.435422 -0.066983   \n",
       "H    0.037612  0.482856  0.739122  1.000000  0.566847  0.478694 -0.090855   \n",
       "2B   0.427797  0.560084  0.453370  0.566847  1.000000  0.220490  0.056292   \n",
       "3B  -0.251118 -0.070072  0.435422  0.478694  0.220490  1.000000 -0.430915   \n",
       "HR   0.307407  0.671283 -0.066983 -0.090855  0.056292 -0.430915  1.000000   \n",
       "BB   0.484342  0.402452 -0.136414 -0.118281  0.302700 -0.454949  0.425691   \n",
       "SO   0.111850 -0.054726 -0.106022 -0.398830 -0.150752 -0.141196  0.359923   \n",
       "SB  -0.157234  0.081367  0.372618  0.413444  0.195027  0.457437 -0.136567   \n",
       "RA  -0.812952 -0.041623  0.316010  0.224324 -0.218160  0.314125 -0.103903   \n",
       "ER  -0.809435 -0.041245  0.309686  0.252489 -0.235531  0.340225 -0.085922   \n",
       "ERA -0.819600 -0.049281  0.255551  0.231172 -0.254854  0.330951 -0.090917   \n",
       "CG   0.080533  0.232042 -0.080876  0.147955  0.306675 -0.065898  0.156502   \n",
       "SHO  0.471805 -0.103274 -0.197321 -0.145559  0.057998 -0.041396 -0.019119   \n",
       "SV   0.666530 -0.096380 -0.106367 -0.130371  0.171576 -0.142370 -0.028540   \n",
       "E   -0.089485 -0.023262  0.316743 -0.033173  0.105754  0.126678 -0.207597   \n",
       "\n",
       "           BB        SO        SB        RA        ER       ERA        CG  \\\n",
       "W    0.484342  0.111850 -0.157234 -0.812952 -0.809435 -0.819600  0.080533   \n",
       "R    0.402452 -0.054726  0.081367 -0.041623 -0.041245 -0.049281  0.232042   \n",
       "AB  -0.136414 -0.106022  0.372618  0.316010  0.309686  0.255551 -0.080876   \n",
       "H   -0.118281 -0.398830  0.413444  0.224324  0.252489  0.231172  0.147955   \n",
       "2B   0.302700 -0.150752  0.195027 -0.218160 -0.235531 -0.254854  0.306675   \n",
       "3B  -0.454949 -0.141196  0.457437  0.314125  0.340225  0.330951 -0.065898   \n",
       "HR   0.425691  0.359923 -0.136567 -0.103903 -0.085922 -0.090917  0.156502   \n",
       "BB   1.000000  0.233652 -0.098347 -0.416445 -0.452663 -0.459832  0.462478   \n",
       "SO   0.233652  1.000000  0.030968 -0.129745 -0.161612 -0.180368 -0.093418   \n",
       "SB  -0.098347  0.030968  1.000000  0.132290  0.143068  0.126063 -0.020783   \n",
       "RA  -0.416445 -0.129745  0.132290  1.000000  0.991018  0.986674 -0.016659   \n",
       "ER  -0.452663 -0.161612  0.143068  0.991018  1.000000  0.997248 -0.020221   \n",
       "ERA -0.459832 -0.180368  0.126063  0.986674  0.997248  1.000000 -0.009856   \n",
       "CG   0.462478 -0.093418 -0.020783 -0.016659 -0.020221 -0.009856  1.000000   \n",
       "SHO  0.426004  0.237721 -0.106563 -0.636862 -0.630192 -0.630833  0.241676   \n",
       "SV   0.099445  0.126297 -0.183418 -0.616224 -0.589663 -0.607005 -0.367766   \n",
       "E   -0.075685  0.155133  0.079149  0.198996  0.136921  0.113137 -0.140047   \n",
       "\n",
       "          SHO        SV         E  \n",
       "W    0.471805  0.666530 -0.089485  \n",
       "R   -0.103274 -0.096380 -0.023262  \n",
       "AB  -0.197321 -0.106367  0.316743  \n",
       "H   -0.145559 -0.130371 -0.033173  \n",
       "2B   0.057998  0.171576  0.105754  \n",
       "3B  -0.041396 -0.142370  0.126678  \n",
       "HR  -0.019119 -0.028540 -0.207597  \n",
       "BB   0.426004  0.099445 -0.075685  \n",
       "SO   0.237721  0.126297  0.155133  \n",
       "SB  -0.106563 -0.183418  0.079149  \n",
       "RA  -0.636862 -0.616224  0.198996  \n",
       "ER  -0.630192 -0.589663  0.136921  \n",
       "ERA -0.630833 -0.607005  0.113137  \n",
       "CG   0.241676 -0.367766 -0.140047  \n",
       "SHO  1.000000  0.221639 -0.115716  \n",
       "SV   0.221639  1.000000 -0.025636  \n",
       "E   -0.115716 -0.025636  1.000000  "
      ]
     },
     "execution_count": 50,
     "metadata": {},
     "output_type": "execute_result"
    }
   ],
   "source": [
    "data.corr()"
   ]
  },
  {
   "cell_type": "markdown",
   "id": "cbe8711d",
   "metadata": {},
   "source": [
    "# \n",
    "For better understanding let's use a heat map"
   ]
  },
  {
   "cell_type": "code",
   "execution_count": 51,
   "id": "2347e02b",
   "metadata": {},
   "outputs": [
    {
     "data": {
